DAE-51
     1.000000    0.000000
     0.997135    0.000540
     0.992304    0.001455
     0.986798    0.002489
     0.980631    0.003642
     0.973871    0.004918
     0.966637    0.006287
     0.959081    0.007724
     0.951340    0.009205
     0.943487    0.010729
     0.935551    0.012271
     0.927557    0.013841
     0.919525    0.015425
     0.911462    0.017032
     0.903372    0.018650
     0.895281    0.020275
     0.887205    0.021899
     0.879181    0.023515
     0.871218    0.025124
     0.863292    0.026718
     0.855377    0.028319
     0.847426    0.029912
     0.839440    0.031512
     0.831399    0.033108
     0.823332    0.034711
     0.815279    0.036302
     0.807207    0.037879
     0.799118    0.039447
     0.791027    0.041009
     0.782965    0.042553
     0.774907    0.044074
     0.766835    0.045585
     0.758783    0.047079
     0.750749    0.048554
     0.742744    0.050002
     0.734741    0.051422
     0.726736    0.052825
     0.718758    0.054198
     0.710773    0.055547
     0.702798    0.056866
     0.694806    0.058160
     0.686813    0.059437
     0.678844    0.060684
     0.670883    0.061899
     0.662916    0.063083
     0.654938    0.064245
     0.646987    0.065379
     0.639043    0.066471
     0.631073    0.067540
     0.623112    0.068581
     0.615159    0.069589
     0.607199    0.070564
     0.599238    0.071511
     0.591274    0.072424
     0.583304    0.073307
     0.575317    0.074157
     0.567315    0.074986
     0.559321    0.075786
     0.551333    0.076553
     0.543324    0.077290
     0.535328    0.078005
     0.527338    0.078682
     0.519351    0.079334
     0.511378    0.079946
     0.503377    0.080527
     0.495389    0.081086
     0.487424    0.081604
     0.479432    0.082093
     0.471482    0.082556
     0.463516    0.082974
     0.455547    0.083365
     0.447585    0.083718
     0.439613    0.084040
     0.431662    0.084329
     0.423710    0.084579
     0.415772    0.084795
     0.407845    0.084970
     0.399907    0.085104
     0.391959    0.085210
     0.384053    0.085278
     0.376136    0.085300
     0.368225    0.085287
     0.360327    0.085235
     0.352435    0.085138
     0.344532    0.085006
     0.336665    0.084836
     0.328803    0.084617
     0.320936    0.084356
     0.313079    0.084054
     0.305228    0.083710
     0.297388    0.083327
     0.289578    0.082897
     0.281770    0.082421
     0.273980    0.081897
     0.266183    0.081326
     0.258403    0.080715
     0.250654    0.080058
     0.242928    0.079350
     0.235211    0.078589
     0.227499    0.077780
     0.219825    0.076931
     0.212184    0.076019
     0.204548    0.075061
     0.196960    0.074049
     0.189394    0.072983
     0.181867    0.071858
     0.174363    0.070678
     0.166905    0.069442
     0.159491    0.068146
     0.152118    0.066788
     0.144790    0.065368
     0.137520    0.063891
     0.130314    0.062346
     0.123171    0.060739
     0.116106    0.059065
     0.109122    0.057324
     0.102222    0.055514
     0.095427    0.053640
     0.088743    0.051691
     0.082170    0.049680
     0.075754    0.047613
     0.069516    0.045497
     0.063484    0.043336
     0.057693    0.041146
     0.052173    0.038933
     0.046949    0.036726
     0.042072    0.034552
     0.037565    0.032429
     0.033439    0.030379
     0.029697    0.028418
     0.026326    0.026549
     0.023299    0.024773
     0.020582    0.023094
     0.018146    0.021511
     0.015967    0.020011
     0.014010    0.018586
     0.012248    0.017233
     0.010661    0.015944
     0.009227    0.014711
     0.007930    0.013529
     0.006756    0.012393
     0.005699    0.011289
     0.004743    0.010220
     0.003884    0.009178
     0.003112    0.008161
     0.002431    0.007161
     0.001828    0.006179
     0.001317    0.005206
     0.000890    0.004244
     0.000540    0.003296
     0.000277    0.002359
     0.000099    0.001436
     0.000012    0.000530
     0.000006   -0.000357
     0.000083   -0.001248
     0.000261   -0.002140
     0.000536   -0.003026
     0.000912   -0.003897
     0.001395   -0.004740
     0.001982   -0.005549
     0.002685   -0.006302
     0.003501   -0.006995
     0.004417   -0.007631
     0.005433   -0.008207
     0.006542   -0.008742
     0.007744   -0.009243
     0.009049   -0.009710
     0.010460   -0.010157
     0.011992   -0.010587
     0.013656   -0.011004
     0.015476   -0.011405
     0.017470   -0.011808
     0.019664   -0.012204
     0.022097   -0.012584
     0.024811   -0.012963
     0.027843   -0.013342
     0.031253   -0.013707
     0.035093   -0.014063
     0.039422   -0.014397
     0.044296   -0.014719
     0.049714   -0.015022
     0.055661   -0.015291
     0.062086   -0.015515
     0.068941   -0.015696
     0.076116   -0.015838
     0.083530   -0.015932
     0.091138   -0.015979
     0.098883   -0.015987
     0.106728   -0.015952
     0.114687   -0.015885
     0.122690   -0.015794
     0.130746   -0.015675
     0.138816   -0.015531
     0.146930   -0.015360
     0.155069   -0.015167
     0.163243   -0.014959
     0.171411   -0.014737
     0.179582   -0.014492
     0.187781   -0.014232
     0.195964   -0.013965
     0.204113   -0.013679
     0.212265   -0.013389
     0.220426   -0.013086
     0.228623   -0.012764
     0.236846   -0.012441
     0.245084   -0.012112
     0.253334   -0.011770
     0.261599   -0.011417
     0.269881   -0.011061
     0.278156   -0.010707
     0.286419   -0.010345
     0.294686   -0.009972
     0.302955   -0.009598
     0.311203   -0.009224
     0.319412   -0.008855
     0.327591   -0.008476
     0.335771   -0.008105
     0.343970   -0.007727
     0.352177   -0.007353
     0.360376   -0.006985
     0.368584   -0.006605
     0.376820   -0.006231
     0.385062   -0.005859
     0.393290   -0.005488
     0.401520   -0.005124
     0.409770   -0.004753
     0.418026   -0.004387
     0.426282   -0.004024
     0.434545   -0.003660
     0.442836   -0.003304
     0.451143   -0.002950
     0.459459   -0.002602
     0.467785   -0.002257
     0.476107   -0.001910
     0.484413   -0.001565
     0.492699   -0.001231
     0.500990   -0.000906
     0.509279   -0.000581
     0.517570   -0.000258
     0.525874    0.000058
     0.534180    0.000370
     0.542484    0.000677
     0.550775    0.000980
     0.559050    0.001270
     0.567340    0.001556
     0.575633    0.001837
     0.583932    0.002112
     0.592224    0.002384
     0.600501    0.002644
     0.608787    0.002893
     0.617083    0.003137
     0.625363    0.003378
     0.633632    0.003606
     0.641897    0.003825
     0.650162    0.004032
     0.658423    0.004235
     0.666658    0.004428
     0.674882    0.004608
     0.683078    0.004780
     0.691284    0.004932
     0.699507    0.005084
     0.707710    0.005224
     0.715915    0.005347
     0.724106    0.005455
     0.732293    0.005553
     0.740469    0.005641
     0.748676    0.005712
     0.756884    0.005775
     0.765090    0.005819
     0.773316    0.005850
     0.781536    0.005871
     0.789741    0.005882
     0.797909    0.005873
     0.806076    0.005844
     0.814215    0.005811
     0.822294    0.005755
     0.830356    0.005691
     0.838410    0.005603
     0.846502    0.005500
     0.854603    0.005379
     0.862705    0.005245
     0.870784    0.005084
     0.878861    0.004910
     0.886921    0.004707
     0.894987    0.004493
     0.903056    0.004248
     0.911156    0.003991
     0.919245    0.003715
     0.927329    0.003418
     0.935382    0.003101
     0.943397    0.002765
     0.951309    0.002420
     0.959064    0.002058
     0.966584    0.001700
     0.973764    0.001336
     0.980499    0.000995
     0.986668    0.000672
     0.992206    0.000391
     0.997092    0.000142
     1.000000    0.000000
