AG38
 1.00000     0.00000
 0.99723     0.00039
 0.99238     0.00107
 0.98667     0.00187
 0.98022     0.00277
 0.97323     0.00375
 0.96586     0.00478
 0.95830     0.00585
 0.95062     0.00692
 0.94289     0.00800
 0.93513     0.00909
 0.92737     0.01018
 0.91962     0.01127
 0.91190     0.01235
 0.90424     0.01342
 0.89668     0.01448
 0.88930     0.01553
 0.88212     0.01651
 0.87502     0.01739
 0.86785     0.01819
 0.86052     0.01893
 0.85302     0.01964
 0.84540     0.02035
 0.83769     0.02107
 0.82993     0.02180
 0.82214     0.02252
 0.81433     0.02325
 0.80651     0.02398
 0.79869     0.02471
 0.79086     0.02544
 0.78303     0.02617
 0.77519     0.02691
 0.76736     0.02764
 0.75952     0.02837
 0.75168     0.02910
 0.74385     0.02983
 0.73601     0.03056
 0.72818     0.03129
 0.72035     0.03203
 0.71253     0.03275
 0.70473     0.03348
 0.69695     0.03421
 0.68922     0.03493
 0.68153     0.03564
 0.67388     0.03633
 0.66629     0.03699
 0.65875     0.03761
 0.65119     0.03819
 0.64358     0.03874
 0.63594     0.03927
 0.62828     0.03978
 0.62057     0.04026
 0.61280     0.04075
 0.60500     0.04123
 0.59717     0.04171
 0.58933     0.04220
 0.58149     0.04269
 0.57364     0.04317
 0.56579     0.04366
 0.55794     0.04415
 0.55009     0.04463
 0.54224     0.04512
 0.53439     0.04560
 0.52654     0.04609
 0.51869     0.04658
 0.51085     0.04706
 0.50301     0.04755
 0.49517     0.04803
 0.48733     0.04852
 0.47950     0.04900
 0.47167     0.04949
 0.46387     0.04997
 0.45614     0.05045
 0.44848     0.05091
 0.44084     0.05133
 0.43320     0.05173
 0.42555     0.05211
 0.41791     0.05246
 0.41027     0.05278
 0.40262     0.05308
 0.39496     0.05336
 0.38730     0.05361
 0.37964     0.05384
 0.37197     0.05405
 0.36431     0.05424
 0.35665     0.05440
 0.34898     0.05454
 0.34131     0.05466
 0.33366     0.05476
 0.32600     0.05483
 0.31836     0.05487
 0.31072     0.05489
 0.30309     0.05489
 0.29546     0.05486
 0.28783     0.05480
 0.28021     0.05471
 0.27259     0.05460
 0.26498     0.05446
 0.25737     0.05429
 0.24978     0.05409
 0.24219     0.05386
 0.23462     0.05360
 0.22706     0.05331
 0.21952     0.05298
 0.21199     0.05262
 0.20447     0.05222
 0.19697     0.05179
 0.18950     0.05132
 0.18204     0.05080
 0.17460     0.05025
 0.16719     0.04965
 0.15981     0.04901
 0.15246     0.04832
 0.14514     0.04758
 0.13785     0.04679
 0.13062     0.04594
 0.12342     0.04504
 0.11627     0.04408
 0.10919     0.04305
 0.10216     0.04196
 0.09520     0.04081
 0.08833     0.03958
 0.08155     0.03828
 0.07488     0.03690
 0.06834     0.03545
 0.06196     0.03393
 0.05577     0.03234
 0.04981     0.03069
 0.04415     0.02898
 0.03883     0.02726
 0.03392     0.02553
 0.02946     0.02383
 0.02547     0.02218
 0.02194     0.02060
 0.01885     0.01910
 0.01615     0.01767
 0.01380     0.01632
 0.01174     0.01504
 0.00994     0.01381
 0.00836     0.01265
 0.00697     0.01152
 0.00576     0.01044
 0.00469     0.00938
 0.00376     0.00835
 0.00294     0.00734
 0.00224     0.00635
 0.00164     0.00539
 0.00114     0.00444
 0.00073     0.00351
 0.00041     0.00260
 0.00019     0.00171
 0.00005     0.00084
-0.00000    -0.00000
 0.00004    -0.00084
 0.00022    -0.00168
 0.00052    -0.00250
 0.00094    -0.00331
 0.00150    -0.00407
 0.00219    -0.00478
 0.00300    -0.00543
 0.00392    -0.00603
 0.00496    -0.00660
 0.00611    -0.00712
 0.00739    -0.00762
 0.00882    -0.00810
 0.01042    -0.00857
 0.01221    -0.00903
 0.01424    -0.00949
 0.01655    -0.00996
 0.01922    -0.01044
 0.02231    -0.01092
 0.02591    -0.01142
 0.03009    -0.01193
 0.03491    -0.01243
 0.04037    -0.01292
 0.04639    -0.01339
 0.05286    -0.01381
 0.05969    -0.01419
 0.06678    -0.01452
 0.07405    -0.01481
 0.08143    -0.01506
 0.08890    -0.01528
 0.09642    -0.01545
 0.10398    -0.01560
 0.11158    -0.01572
 0.11921    -0.01581
 0.12687    -0.01587
 0.13456    -0.01591
 0.14227    -0.01594
 0.14999    -0.01595
 0.15774    -0.01594
 0.16550    -0.01592
 0.17326    -0.01589
 0.18104    -0.01585
 0.18882    -0.01579
 0.19662    -0.01573
 0.20441    -0.01566
 0.21222    -0.01558
 0.22002    -0.01550
 0.22782    -0.01540
 0.23563    -0.01530
 0.24345    -0.01518
 0.25126    -0.01507
 0.25908    -0.01495
 0.26690    -0.01482
 0.27473    -0.01468
 0.28257    -0.01455
 0.29039    -0.01441
 0.29822    -0.01427
 0.30607    -0.01412
 0.31392    -0.01397
 0.32177    -0.01382
 0.32961    -0.01367
 0.33745    -0.01351
 0.34530    -0.01335
 0.35316    -0.01320
 0.36102    -0.01304
 0.36887    -0.01288
 0.37673    -0.01272
 0.38458    -0.01256
 0.39243    -0.01241
 0.40028    -0.01225
 0.40813    -0.01209
 0.41597    -0.01193
 0.42380    -0.01177
 0.43163    -0.01162
 0.43946    -0.01146
 0.44730    -0.01130
 0.45515    -0.01114
 0.46299    -0.01099
 0.47083    -0.01083
 0.47867    -0.01067
 0.48652    -0.01051
 0.49437    -0.01035
 0.50223    -0.01019
 0.51009    -0.01004
 0.51795    -0.00988
 0.52580    -0.00972
 0.53366    -0.00956
 0.54152    -0.00940
 0.54938    -0.00924
 0.55724    -0.00908
 0.56509    -0.00892
 0.57295    -0.00876
 0.58081    -0.00861
 0.58867    -0.00845
 0.59653    -0.00829
 0.60439    -0.00813
 0.61226    -0.00797
 0.62012    -0.00781
 0.62798    -0.00765
 0.63584    -0.00749
 0.64370    -0.00733
 0.65156    -0.00717
 0.65941    -0.00701
 0.66726    -0.00685
 0.67511    -0.00669
 0.68295    -0.00653
 0.69080    -0.00637
 0.69864    -0.00621
 0.70649    -0.00605
 0.71434    -0.00589
 0.72219    -0.00573
 0.73004    -0.00557
 0.73789    -0.00541
 0.74576    -0.00525
 0.75362    -0.00509
 0.76149    -0.00492
 0.76936    -0.00476
 0.77723    -0.00460
 0.78510    -0.00444
 0.79296    -0.00428
 0.80083    -0.00412
 0.80870    -0.00395
 0.81656    -0.00379
 0.82443    -0.00363
 0.83229    -0.00347
 0.84014    -0.00331
 0.84798    -0.00315
 0.85583    -0.00299
 0.86369    -0.00283
 0.87155    -0.00266
 0.87941    -0.00250
 0.88728    -0.00234
 0.89515    -0.00218
 0.90302    -0.00201
 0.91089    -0.00185
 0.91876    -0.00169
 0.92662    -0.00152
 0.93447    -0.00136
 0.94231    -0.00120
 0.95011    -0.00103
 0.95785    -0.00088
 0.96549    -0.00072
 0.97292    -0.00056
 0.97999    -0.00042
 0.98650    -0.00028
 0.99228    -0.00016
 0.99720    -0.00006
 1.00000     0.00000
