SD8040 (10%)
 1.00000     0.00000
 0.99703     0.00033
 0.99221     0.00091
 0.98690     0.00161
 0.98110     0.00243
 0.97480     0.00337
 0.96805     0.00442
 0.96089     0.00558
 0.95338     0.00682
 0.94561     0.00814
 0.93760     0.00952
 0.92941     0.01095
 0.92109     0.01242
 0.91266     0.01391
 0.90417     0.01542
 0.89564     0.01693
 0.88710     0.01845
 0.87856     0.01995
 0.87002     0.02145
 0.86149     0.02294
 0.85298     0.02441
 0.84449     0.02587
 0.83602     0.02731
 0.82756     0.02873
 0.81913     0.03013
 0.81070     0.03150
 0.80228     0.03286
 0.79385     0.03420
 0.78542     0.03551
 0.77699     0.03681
 0.76856     0.03809
 0.76012     0.03935
 0.75168     0.04058
 0.74324     0.04180
 0.73480     0.04300
 0.72635     0.04418
 0.71789     0.04534
 0.70943     0.04648
 0.70096     0.04761
 0.69248     0.04871
 0.68400     0.04980
 0.67552     0.05087
 0.66704     0.05192
 0.65856     0.05296
 0.65009     0.05397
 0.64162     0.05496
 0.63315     0.05593
 0.62468     0.05688
 0.61621     0.05781
 0.60774     0.05872
 0.59926     0.05962
 0.59078     0.06049
 0.58230     0.06134
 0.57383     0.06217
 0.56535     0.06298
 0.55688     0.06377
 0.54840     0.06453
 0.53994     0.06528
 0.53147     0.06600
 0.52301     0.06670
 0.51456     0.06738
 0.50610     0.06803
 0.49766     0.06867
 0.48921     0.06927
 0.48077     0.06985
 0.47234     0.07041
 0.46392     0.07094
 0.45549     0.07145
 0.44708     0.07193
 0.43867     0.07238
 0.43027     0.07281
 0.42187     0.07321
 0.41348     0.07358
 0.40509     0.07392
 0.39671     0.07423
 0.38834     0.07452
 0.37997     0.07477
 0.37162     0.07500
 0.36328     0.07519
 0.35495     0.07535
 0.34663     0.07547
 0.33833     0.07557
 0.33005     0.07563
 0.32178     0.07565
 0.31352     0.07564
 0.30528     0.07559
 0.29706     0.07550
 0.28885     0.07537
 0.28067     0.07521
 0.27250     0.07500
 0.26437     0.07475
 0.25626     0.07446
 0.24817     0.07412
 0.24013     0.07374
 0.23211     0.07331
 0.22413     0.07283
 0.21619     0.07230
 0.20829     0.07172
 0.20042     0.07108
 0.19260     0.07039
 0.18482     0.06965
 0.17710     0.06884
 0.16942     0.06798
 0.16182     0.06706
 0.15428     0.06608
 0.14683     0.06503
 0.13945     0.06393
 0.13217     0.06275
 0.12499     0.06151
 0.11792     0.06021
 0.11098     0.05884
 0.10417     0.05740
 0.09751     0.05591
 0.09103     0.05435
 0.08474     0.05274
 0.07866     0.05108
 0.07281     0.04938
 0.06720     0.04765
 0.06187     0.04589
 0.05682     0.04412
 0.05208     0.04235
 0.04765     0.04059
 0.04352     0.03885
 0.03968     0.03714
 0.03612     0.03545
 0.03283     0.03380
 0.02978     0.03219
 0.02697     0.03061
 0.02439     0.02908
 0.02201     0.02760
 0.01984     0.02617
 0.01784     0.02479
 0.01601     0.02346
 0.01433     0.02216
 0.01278     0.02089
 0.01135     0.01965
 0.01003     0.01844
 0.00881     0.01724
 0.00768     0.01606
 0.00664     0.01490
 0.00569     0.01376
 0.00482     0.01263
 0.00403     0.01152
 0.00333     0.01043
 0.00270     0.00936
 0.00214     0.00831
 0.00165     0.00728
 0.00123     0.00628
 0.00087     0.00529
 0.00058     0.00432
 0.00035     0.00335
 0.00018     0.00240
 0.00007     0.00145
 0.00002     0.00050
 0.00003    -0.00046
 0.00011    -0.00141
 0.00025    -0.00234
 0.00047    -0.00327
 0.00076    -0.00417
 0.00114    -0.00505
 0.00161    -0.00589
 0.00219    -0.00668
 0.00288    -0.00743
 0.00367    -0.00814
 0.00457    -0.00882
 0.00557    -0.00947
 0.00668    -0.01009
 0.00788    -0.01070
 0.00917    -0.01130
 0.01053    -0.01190
 0.01199    -0.01249
 0.01354    -0.01307
 0.01519    -0.01365
 0.01696    -0.01421
 0.01885    -0.01478
 0.02089    -0.01534
 0.02308    -0.01590
 0.02546    -0.01647
 0.02804    -0.01704
 0.03087    -0.01762
 0.03397    -0.01821
 0.03739    -0.01881
 0.04115    -0.01941
 0.04529    -0.02001
 0.04983    -0.02062
 0.05479    -0.02122
 0.06016    -0.02180
 0.06593    -0.02235
 0.07208    -0.02288
 0.07860    -0.02338
 0.08546    -0.02383
 0.09261    -0.02425
 0.10002    -0.02462
 0.10763    -0.02494
 0.11542    -0.02523
 0.12335    -0.02546
 0.13138    -0.02567
 0.13951    -0.02583
 0.14772    -0.02596
 0.15600    -0.02605
 0.16432    -0.02612
 0.17270    -0.02616
 0.18112    -0.02617
 0.18958    -0.02615
 0.19808    -0.02612
 0.20659    -0.02606
 0.21513    -0.02599
 0.22368    -0.02590
 0.23225    -0.02579
 0.24082    -0.02566
 0.24940    -0.02552
 0.25800    -0.02536
 0.26661    -0.02518
 0.27523    -0.02500
 0.28386    -0.02479
 0.29250    -0.02458
 0.30116    -0.02435
 0.30982    -0.02412
 0.31850    -0.02387
 0.32717    -0.02361
 0.33586    -0.02334
 0.34454    -0.02307
 0.35324    -0.02278
 0.36194    -0.02249
 0.37065    -0.02219
 0.37936    -0.02188
 0.38808    -0.02156
 0.39680    -0.02124
 0.40553    -0.02091
 0.41427    -0.02057
 0.42300    -0.02023
 0.43174    -0.01988
 0.44047    -0.01953
 0.44921    -0.01917
 0.45796    -0.01881
 0.46670    -0.01844
 0.47545    -0.01807
 0.48421    -0.01769
 0.49297    -0.01731
 0.50173    -0.01693
 0.51050    -0.01654
 0.51926    -0.01614
 0.52803    -0.01575
 0.53680    -0.01535
 0.54558    -0.01495
 0.55435    -0.01454
 0.56313    -0.01414
 0.57191    -0.01373
 0.58069    -0.01332
 0.58948    -0.01290
 0.59828    -0.01249
 0.60707    -0.01207
 0.61587    -0.01165
 0.62468    -0.01123
 0.63348    -0.01081
 0.64229    -0.01039
 0.65109    -0.00997
 0.65989    -0.00955
 0.66869    -0.00913
 0.67749    -0.00872
 0.68627    -0.00830
 0.69505    -0.00789
 0.70383    -0.00748
 0.71259    -0.00707
 0.72135    -0.00667
 0.73010    -0.00627
 0.73884    -0.00588
 0.74758    -0.00549
 0.75632    -0.00510
 0.76504    -0.00473
 0.77376    -0.00436
 0.78246    -0.00400
 0.79115    -0.00364
 0.79984    -0.00330
 0.80851    -0.00296
 0.81718    -0.00264
 0.82584    -0.00232
 0.83450    -0.00202
 0.84316    -0.00173
 0.85180    -0.00145
 0.86042    -0.00118
 0.86902    -0.00092
 0.87760    -0.00068
 0.88615    -0.00046
 0.89470    -0.00025
 0.90322    -0.00007
 0.91172     0.00011
 0.92016     0.00026
 0.92850     0.00040
 0.93671     0.00051
 0.94475     0.00059
 0.95259     0.00065
 0.96021     0.00066
 0.96752     0.00065
 0.97443     0.00061
 0.98085     0.00054
 0.98675     0.00044
 0.99213     0.00030
 0.99701     0.00013
 1.00000     0.00000
